"280" "224" "165" "328" "205" "190" "222" "255" "179" "302" "233" "157" "254" "122" "172" "159" "31" "259" "149" "232" "15" "144" "156" "305" "221" "256" "151" "260" "208" "323" "313" "330" "325" "150" "322" "321" "315" "310" "229" "329" "304" "334" "281" "1001" "1002" "1003" "1004" "1005" "1006" "1007" "1008" "1009" "1010" "1011" "1012" "1013" "1014" "1015" "1016" "1017" "1018" "1019" "1020" "1021" "1022" "1023" "1024"
"280" 9 1 0 0 0 0 2 2 0 0 1 0 3 0 0 0 0 0 0 0 0 0 0 0 0 3 0 8 0 2 0 1 0 0 0 10 1 20 0 3 0 0 9 64 72 70 0 1 0 0 89 0 3 2 1 21 49 10 0 0 3 0 2 0 40 0 3
"224" 0 26 1 0 0 1 0 0 2 0 5 5 0 0 2 0 1 54 0 28 1 11 0 0 6 1 1 1 0 0 0 0 1 2 0 0 0 0 12 0 0 0 0 172 189 82 6 0 12 0 15 2 3 28 11 0 114 11 86 12 0 12 2 2 6 9 2
"165" 0 0 30 0 0 34 0 0 3 4 13 39 0 0 15 0 2 0 0 10 7 4 7 3 14 8 5 0 0 0 0 0 11 6 0 0 0 0 0 0 1 0 0 253 97 38 9 0 1 0 5 25 0 240 0 0 40 0 0 0 0 0 2 127 0 9 1
"328" 2 0 0 2 0 0 0 1 0 0 0 0 0 0 0 0 0 0 0 1 0 0 0 0 0 0 0 0 2 37 4 6 0 0 8 25 2 3 0 5 0 0 0 10 3 2 0 0 0 0 29 0 0 2 0 0 0 0 0 0 1 0 0 0 2 0 0
"205" 1 0 0 0 29 0 31 0 0 1 0 0 0 36 0 73 1 0 1 0 0 0 0 0 0 0 0 0 9 0 0 0 0 0 0 0 0 1 0 0 0 0 5 109 23 43 21 18 1 18 331 64 113 0 0 0 1 1 0 0 6 0 1 3 27 0 10
"190" 0 2 13 0 0 15 0 0 4 1 0 26 0 0 5 1 0 1 1 26 14 2 3 0 3 0 4 1 6 0 0 0 63 0 0 0 0 0 0 0 1 0 0 191 99 11 44 1 0 0 9 7 2 175 1 0 59 0 0 0 0 1 1 141 2 12 1
"222" 4 0 0 0 18 1 17 0 0 0 0 0 0 18 10 22 1 0 3 0 0 0 0 0 1 0 0 0 3 3 3 0 0 5 0 0 0 2 0 0 0 0 1 103 10 38 0 24 0 7 421 30 32 2 0 0 0 0 0 0 2 0 1 1 24 1 0
"255" 11 1 0 1 0 0 2 8 1 0 1 0 31 0 0 0 0 0 0 0 0 0 0 0 2 31 0 35 1 0 0 0 0 0 0 0 1 0 0 1 0 0 0 28 53 146 0 1 3 1 59 8 10 1 2 57 2 49 3 8 0 2 2 1 69 6 1
"179" 0 1 5 0 0 1 0 1 17 0 0 13 23 0 24 3 0 16 1 7 14 14 0 2 0 0 0 0 0 0 0 0 1 0 0 0 0 0 0 0 0 0 0 281 536 126 1 1 16 0 44 9 1 71 1 0 212 1 14 6 0 0 7 22 3 3 0
"302" 0 2 1 0 1 3 0 0 0 23 1 3 0 0 0 0 5 15 35 0 20 0 3 67 1 0 32 0 0 0 0 0 0 31 0 0 0 0 6 0 2 0 0 559 49 8 295 1 1 4 48 60 8 30 0 0 6 0 0 0 0 0 2 8 0 0 2
"233" 1 1 26 0 0 0 0 1 0 0 5 0 1 0 1 0 0 1 0 0 0 0 0 0 41 1 0 2 0 0 0 0 0 0 0 0 0 0 2 0 0 0 0 51 83 24 0 0 34 0 21 1 9 1 19 51 1 0 5 10 1 0 14 0 2 19 2
"157" 0 23 43 0 0 31 0 0 7 2 0 36 3 1 13 0 0 12 0 46 21 8 3 0 7 0 1 0 0 0 0 0 7 8 0 0 0 0 1 0 1 0 0 267 211 79 20 0 1 0 13 1 1 139 0 0 428 0 4 0 0 10 4 175 4 55 2
"254" 0 0 0 0 0 0 0 43 21 0 3 1 10 0 0 0 0 1 0 5 0 0 0 0 3 6 0 4 27 0 1 0 0 0 1 0 4 0 1 0 0 0 0 5 27 32 1 2 4 0 68 1 2 0 23 9 6 92 6 14 3 1 1 0 45 4 0
"122" 11 0 1 0 18 1 6 0 0 1 0 0 0 27 2 91 0 0 0 0 2 3 0 0 0 0 0 0 6 0 0 0 0 0 0 0 1 0 0 1 0 0 1 99 9 28 7 54 1 61 199 114 124 1 0 0 0 1 1 1 10 0 0 0 3 0 8
"172" 0 3 19 0 0 7 13 0 2 2 9 30 0 0 38 0 0 4 0 10 23 5 1 1 3 0 2 0 0 0 0 0 7 0 0 0 0 2 2 0 0 0 0 494 210 46 15 0 1 0 20 5 0 225 2 0 113 1 3 5 0 2 4 457 7 9 1
"159" 0 0 0 0 63 1 26 0 2 10 0 0 0 62 0 46 17 1 3 0 0 0 0 3 0 0 0 0 10 0 0 0 0 0 0 0 0 0 0 0 5 0 0 223 20 64 9 63 2 39 485 265 342 0 0 0 0 0 0 0 4 3 0 2 1 1 21
"31" 0 1 4 0 0 2 1 0 0 7 0 0 0 2 0 23 27 0 15 1 3 0 3 7 0 0 4 0 0 0 0 0 7 3 0 0 0 0 0 0 6 0 0 471 7 6 68 3 1 11 53 64 10 8 0 0 2 0 0 2 0 0 0 4 0 0 2
"259" 0 53 1 0 0 19 0 0 14 16 0 7 1 0 2 0 0 25 0 58 2 63 0 0 5 0 1 0 0 0 0 0 0 0 0 0 0 0 7 0 1 0 0 203 322 101 5 0 29 0 32 4 0 34 29 8 133 8 84 7 0 9 1 24 1 20 1
"149" 0 1 0 0 1 0 6 0 0 44 0 0 0 0 0 1 19 0 11 0 1 0 0 3 0 0 11 0 0 0 0 0 2 1 0 0 0 0 0 0 34 0 0 258 2 0 68 0 0 1 6 32 1 1 0 0 0 0 0 1 0 0 0 0 0 0 0
"232" 0 20 14 0 0 31 0 0 15 0 1 55 3 0 13 0 0 57 0 38 7 70 0 0 21 0 0 0 0 0 0 0 3 0 0 1 0 0 2 0 0 0 0 221 350 47 2 0 8 1 38 24 2 90 0 0 103 1 32 3 1 15 1 41 2 49 0
"15" 1 4 39 0 0 16 0 0 5 21 0 18 0 0 22 3 0 4 0 12 21 4 3 5 4 0 34 0 0 0 0 0 3 2 0 0 1 0 2 0 0 0 0 585 187 21 56 0 1 6 12 41 1 158 1 0 63 1 25 0 0 1 1 42 5 3 6
"144" 0 10 1 0 0 12 2 0 4 0 1 17 2 5 3 0 0 76 0 14 2 11 2 5 2 0 1 0 0 0 0 0 1 0 0 0 0 0 0 0 0 0 0 130 144 26 2 0 27 0 33 2 0 10 0 0 75 0 18 1 0 19 1 1 0 12 4
"156" 0 0 3 0 0 1 0 0 0 1 0 1 0 0 0 0 0 2 0 2 4 2 23 10 0 0 5 0 0 0 0 0 30 2 0 0 0 0 0 0 4 0 0 265 16 7 36 0 0 0 4 5 0 10 0 0 2 0 0 2 0 0 0 3 0 2 2
"305" 0 1 15 0 0 1 0 0 9 63 0 0 0 0 5 3 4 6 3 1 6 7 7 27 0 0 21 0 0 0 0 0 19 35 0 0 0 0 1 0 28 0 0 553 89 7 98 2 0 4 22 26 2 21 0 0 8 0 0 0 0 0 1 16 0 0 11
"221" 0 5 12 0 1 1 0 1 0 0 39 6 4 0 1 0 0 9 1 24 2 3 2 0 12 7 0 0 2 0 1 0 0 0 0 0 0 0 19 0 0 1 0 113 270 40 0 0 22 0 37 14 0 26 33 0 67 0 40 5 0 36 8 1 2 105 0
"256" 2 0 11 0 0 0 0 54 1 0 4 0 18 0 0 0 0 2 0 0 1 0 0 0 3 22 0 8 0 0 0 0 0 0 0 2 5 0 1 1 0 0 0 15 19 60 0 0 0 1 49 3 5 0 2 17 5 47 1 6 0 24 4 0 126 0 0
"151" 3 0 1 0 0 3 0 0 1 35 0 0 0 2 1 0 4 3 8 0 13 0 9 23 0 0 32 0 0 0 0 0 12 75 0 0 0 1 1 0 6 0 0 863 92 16 282 4 0 3 38 41 0 23 1 0 23 0 15 1 0 0 2 40 0 0 22
"260" 5 0 0 1 0 0 1 40 0 0 1 0 2 0 0 0 0 0 0 0 1 0 0 0 0 4 0 9 2 0 1 0 0 0 0 26 0 1 0 0 0 0 0 2 6 14 0 0 0 0 14 0 0 1 1 44 13 149 2 0 1 1 2 0 21 0 1
"208" 2 0 0 3 6 8 9 7 0 0 0 0 4 7 0 7 0 0 0 0 0 0 0 0 1 0 0 1 12 0 6 0 0 0 24 0 0 2 1 0 0 0 6 47 22 45 2 9 5 23 299 13 59 1 1 1 1 7 1 1 13 1 1 2 21 0 4
"323" 0 0 0 34 0 0 3 0 0 0 0 0 1 0 0 0 0 0 0 0 0 0 0 0 1 0 0 0 7 16 38 4 0 0 74 2 52 6 0 13 0 0 10 9 4 21 0 0 0 0 114 0 1 0 0 25 0 0 0 0 39 0 0 1 19 0 0
"313" 1 0 0 1 0 0 5 0 0 0 1 0 1 0 0 0 0 0 0 0 0 0 0 0 0 0 0 3 0 35 9 2 0 0 5 5 105 11 0 1 0 0 1 4 8 15 0 0 2 0 126 1 1 1 0 0 0 2 0 0 11 0 1 0 38 0 0
"330" 0 0 0 8 0 0 0 0 0 0 0 0 0 0 0 0 0 0 0 0 0 0 0 0 0 0 0 0 2 8 1 15 0 0 1 0 0 0 0 25 0 0 0 0 1 0 0 0 0 0 4 0 0 0 0 0 0 1 0 0 5 0 0 0 0 0 0
"325" 0 0 14 0 0 47 0 0 2 4 0 5 0 0 11 0 4 1 0 5 4 0 22 40 0 0 24 0 0 0 0 0 12 5 0 0 0 0 0 0 0 0 0 280 90 5 52 0 0 2 1 9 1 74 0 0 5 0 0 0 1 0 2 3 0 1 0
"150" 0 0 5 0 1 2 0 0 0 15 0 2 0 0 0 0 0 0 1 0 6 0 5 20 0 0 54 0 0 0 0 0 3 13 0 0 0 0 0 0 2 0 0 372 44 7 75 0 0 3 11 38 2 17 0 0 4 0 0 0 0 0 0 8 0 0 3
"322" 4 1 0 13 0 0 0 0 0 0 0 0 0 0 1 0 0 0 0 0 0 0 0 0 0 0 0 0 25 94 7 1 0 0 4 1 3 4 0 13 0 0 0 16 1 5 0 1 0 0 20 1 1 0 0 0 0 0 0 0 1 0 0 0 4 0 0
"321" 4 0 0 25 0 0 0 0 0 0 0 0 5 0 0 0 0 0 0 0 0 0 0 0 0 1 0 16 1 0 1 0 0 0 2 6 1 8 0 0 0 0 1 0 18 29 0 0 0 0 24 0 2 0 0 2 4 19 0 0 0 0 2 0 52 0 0
"315" 4 0 0 3 0 1 0 0 0 0 0 0 6 0 0 0 0 1 0 0 0 0 0 0 0 5 0 1 2 55 74 0 0 0 2 2 6 3 0 0 0 0 0 10 20 14 0 0 0 0 31 0 0 2 1 11 1 6 0 0 2 0 0 0 23 3 0
"310" 17 0 0 2 1 0 5 0 0 0 0 0 1 4 3 0 0 1 0 0 1 0 0 0 0 0 0 2 2 6 10 1 0 0 14 7 6 12 0 7 0 0 22 9 16 21 0 2 0 1 98 1 2 0 0 0 0 0 0 0 23 0 0 0 20 0 0
"229" 0 10 0 0 0 3 0 0 1 3 2 1 1 0 0 0 0 9 0 8 7 1 0 0 28 0 0 0 0 0 0 0 0 0 0 0 0 0 17 0 1 0 0 44 16 19 0 0 11 0 9 0 0 4 0 1 9 0 15 1 0 5 0 2 0 35 0
"329" 15 0 0 6 0 0 0 0 0 0 0 0 0 0 0 0 0 0 0 1 0 0 0 0 0 0 0 0 0 8 4 24 0 0 4 0 1 3 0 11 0 0 0 2 2 7 1 0 0 0 24 9 0 0 0 2 1 1 0 0 17 0 0 0 1 0 0
"304" 0 0 0 0 0 0 0 0 0 5 0 0 0 0 0 6 8 0 31 0 1 0 6 10 0 0 2 0 0 0 0 0 3 3 0 0 0 2 0 0 1 0 0 273 30 4 24 0 0 1 7 15 1 9 0 0 1 0 0 1 0 0 0 0 0 0 0
"334" 0 0 0 0 0 0 0 0 0 0 0 0 0 0 0 0 0 0 0 1 0 0 0 0 0 0 0 0 0 0 0 0 0 0 0 0 0 0 1 0 0 5 0 1 0 0 0 0 0 0 0 0 0 0 0 0 0 0 1 0 0 1 0 0 0 1 0
"281" 3 0 0 0 6 0 0 0 0 0 0 0 0 0 0 0 0 0 0 0 0 0 0 0 0 0 0 0 3 15 3 0 0 0 0 0 0 24 0 0 0 0 14 7 1 22 0 0 0 0 195 1 6 0 0 0 0 0 1 0 11 0 10 0 2 0 0
"1001" 39 141 231 6 130 198 105 19 246 585 23 286 10 104 426 296 528 175 322 235 639 99 330 567 117 14 891 5 49 10 13 1 303 590 17 7 8 20 39 3 235 0 13 41858 14667 6759 4413 442 196 886 9508 8011 764 3310 27 3 1233 29 218 342 113 51 427 1415 242 167 988
"1002" 42 219 155 2 27 97 3 64 578 67 75 229 28 18 281 20 10 328 5 369 158 120 16 92 256 20 95 3 21 4 2 0 69 74 1 34 10 18 21 0 23 1 5 15273 11600 6100 389 48 476 60 2510 642 206 2113 82 7 1905 51 499 454 19 211 768 870 308 258 470
"1003" 76 62 44 1 49 20 25 103 144 9 29 46 47 15 33 61 29 83 1 73 25 24 12 17 47 60 12 8 36 12 15 1 9 12 5 29 17 34 9 1 0 0 32 7022 5733 4815 182 114 183 176 7121 829 288 355 23 9 371 106 123 238 136 76 355 189 861 49 392
"1004" 0 4 24 0 10 24 2 0 0 359 1 13 0 9 31 3 102 3 51 2 62 1 28 132 2 0 297 1 1 0 0 0 62 128 0 0 0 0 0 0 34 0 0 4317 394 189 713 1 7 11 303 486 39 293 0 0 44 0 3 5 3 1 19 110 4 11 21
"1005" 1 0 0 0 20 1 22 0 4 0 0 0 0 40 0 62 1 0 0 0 1 0 0 0 0 0 1 1 5 0 0 0 0 0 0 0 0 1 0 0 1 0 0 447 74 118 3 80 0 38 543 270 103 8 0 0 0 0 0 0 2 0 2 2 6 0 37
"1006" 2 12 2 0 1 0 0 3 5 2 27 1 4 1 2 0 1 41 0 4 2 30 0 0 29 1 2 0 4 0 0 0 1 0 0 0 0 0 17 0 1 1 0 187 560 206 11 0 58 1 116 8 1 9 62 27 62 13 26 116 2 25 34 11 12 73 3
"1007" 0 0 0 0 43 0 7 0 0 1 0 0 2 70 1 46 10 0 0 1 14 0 0 4 0 3 5 0 21 0 0 0 1 3 0 0 0 0 0 0 1 0 0 903 56 148 8 40 0 64 627 396 301 5 0 0 6 1 0 1 5 0 8 1 5 1 33
"1008" 98 19 5 6 365 6 433 66 41 61 10 19 41 248 31 562 52 45 7 56 22 31 4 24 51 41 42 10 343 93 119 4 8 17 24 32 31 137 6 17 5 0 184 9900 2593 7537 365 570 132 691 18352 2936 2339 177 10 32 193 130 101 121 730 16 132 82 813 15 1289
"1009" 2 3 31 0 41 3 15 1 11 99 2 2 3 147 4 277 100 3 40 3 29 0 5 40 4 1 21 1 29 0 0 1 13 45 0 0 0 2 1 1 67 0 1 7561 615 855 491 215 7 390 2887 2192 580 213 0 0 39 1 3 8 6 0 33 35 31 6 333
"1010" 0 1 0 0 98 1 53 23 0 1 9 0 4 153 0 317 17 1 1 1 2 1 1 3 0 5 2 0 69 3 3 0 0 4 0 0 0 3 0 0 2 0 11 754 210 223 43 121 3 310 2277 528 336 13 11 4 4 22 0 5 43 0 7 6 29 0 87
"1011" 1 19 266 0 0 157 2 1 55 25 3 161 7 0 232 6 3 40 6 78 169 9 37 32 36 0 31 4 1 1 1 0 71 34 0 0 2 0 2 0 2 0 0 3203 2023 308 251 9 9 14 243 149 9 853 1 0 876 3 61 41 1 16 31 696 20 67 22
"1012" 0 13 1 0 0 1 0 2 1 0 15 0 43 0 1 0 0 10 0 1 7 0 0 0 19 0 0 0 0 0 0 0 0 0 0 0 0 0 2 0 0 0 0 23 55 16 0 2 73 0 41 0 7 0 11 101 3 5 14 19 0 26 3 0 5 17 0
"1013" 25 2 0 0 2 0 0 56 2 0 30 0 21 0 0 0 0 3 0 10 0 1 0 0 0 3 0 41 0 12 1 0 0 0 8 0 12 0 2 2 0 0 0 4 16 37 0 0 37 0 37 1 6 0 122 18 2 177 4 6 11 1 0 3 136 4 0
"1014" 61 122 33 0 2 82 1 0 199 3 3 456 1 0 155 0 3 138 0 89 54 83 2 7 52 0 30 16 2 0 0 0 2 2 0 2 1 0 11 1 1 0 2 1245 1844 351 43 2 65 5 219 43 3 837 5 0 719 0 71 34 0 43 30 242 39 78 10
"1015" 13 0 0 1 2 0 0 70 0 0 0 22 87 0 0 1 0 8 0 1 1 0 0 0 1 35 0 117 6 0 5 0 0 0 0 21 4 2 1 1 0 0 0 12 61 174 0 0 8 1 135 3 19 1 7 174 6 114 3 20 1 2 2 0 65 6 0
"1016" 0 88 0 0 0 2 0 6 20 0 8 7 8 0 4 1 0 73 0 19 9 33 2 0 59 0 11 2 0 0 1 0 0 0 0 0 0 0 6 0 0 0 0 281 535 137 4 0 24 1 79 2 2 51 4 7 76 1 41 52 1 42 11 26 54 116 6
"1017" 0 6 0 0 0 1 1 23 10 0 26 0 11 0 1 2 1 14 0 2 2 1 1 0 11 1 0 0 1 0 0 0 0 0 0 0 0 0 2 2 0 0 0 329 482 211 2 0 127 0 109 7 4 48 19 5 22 25 47 21 1 9 13 6 18 14 33
"1018" 18 0 0 2 3 0 2 1 0 0 0 0 11 17 0 6 0 0 0 0 0 0 0 1 0 0 0 1 8 41 17 3 0 0 8 0 1 15 0 16 0 0 17 80 20 152 2 0 0 7 659 6 43 0 1 4 0 1 1 4 66 1 3 1 22 0 4
"1019" 0 10 0 0 0 1 0 4 7 0 0 10 1 0 2 1 20 8 2 20 0 31 0 0 42 15 0 0 0 0 0 0 0 0 0 0 0 0 7 0 0 0 0 86 202 84 1 0 22 1 23 4 0 29 28 0 57 2 47 13 0 42 0 3 6 108 1
"1020" 6 0 4 1 0 3 0 7 6 0 7 0 2 0 1 3 0 0 0 12 5 1 0 1 3 5 3 1 1 0 0 0 2 3 0 1 1 1 1 0 0 0 4 466 798 319 10 2 48 2 103 33 10 44 0 0 47 4 15 29 2 3 41 27 35 3 21
"1021" 1 2 279 0 1 190 0 0 33 4 1 160 0 0 435 0 17 21 0 50 24 12 11 26 2 0 22 0 3 0 0 0 3 12 0 0 0 0 2 2 1 1 0 1285 683 184 74 3 8 9 64 41 2 692 0 0 268 0 17 6 1 2 21 93 2 23 41
"1022" 44 2 0 1 10 1 19 77 8 0 7 1 49 1 13 6 0 3 0 6 2 0 0 0 3 106 1 22 34 20 28 0 2 0 3 71 37 18 1 3 0 0 3 268 374 963 8 3 14 6 673 34 23 19 9 141 31 93 56 19 35 8 32 6 212 14 16
"1023" 0 7 6 0 0 5 4 3 5 2 14 46 3 0 8 0 2 21 0 67 8 34 1 0 135 0 0 1 1 0 0 0 0 2 0 0 0 0 37 0 0 0 1 161 269 46 1 0 55 1 17 3 0 84 16 1 77 0 60 19 0 91 5 11 7 56 1
"1024" 3 2 0 0 18 0 2 1 3 0 0 3 0 4 2 26 1 0 0 2 2 4 0 3 0 0 8 0 14 1 0 0 0 0 0 0 9 0 0 0 0 0 1 749 489 475 24 62 9 29 1425 306 70 17 0 0 25 2 5 13 4 0 26 17 35 2 87
